1 01111110 1100 0000 0000 0000 0000 000
0 01111110 1000 0000 0000 0000 0000 000


1110 0000 0000 0000 0000 0000
0010 0000 0000 0000 0000 0000
1100 0000 0000 0000 0000 0000

0 1110 0000 0000 0000 0000 0000
0 0010 0000 0000 0000 0000 0000

===========================================

1110 0000 0000 0000 0000 0000
0100 0000 0000 0000 0000 0000

1 0010 0000 0000 0000 0000 0000


===========================================

1110 0000 0000 0000 0000 0000
1110 0000 0000 0000 0000 0000

1 1100 0000 0000 0000 0000 0000


===========================================

1110 0000 0000 0000 0000 0000

0010 0000 0000 0000 0000 0000
1110 1000 0000 0000 0000 0000

1 0000 1000 0000 0000 0000 0000


===========================================

1000 0001 0000 0000 0000 0000

0111 1111 0000 0000 0000 0000
1110 1000 0000 0000 0000 0000

1 0110 0111 0000 0000 0000 0000

===========================================

1001 1000 0000 0000 0000 0000

0110 1000 0000 0000 0000 0000
1101 0000 0000 0000 0000 0000

1 0011 1000 0000 0000 0000 0000


===========================================

1001 1000 0000 0000 0000 0000
1101 0000 0000 0000 0000 0000

0110 1000 0000 0000 0000 0000
0011 0000 0000 0000 0000 0000

0 1001 1000 0000 0000 0000 0000
1 0110 1000 0000 0000 0000 0000

=====================================






Sign = (Sa x-nor Sb)(Sa) + (Sa xor Sb)()













